#
0.0,218.189697265625,347.40380859375,1.0
10.0,218.189697265625,347.2303466796875,1.0
20.0,218.1029815673828,347.2303466796875,1.0
30.0,218.1029815673828,347.2303466796875,1.0
40.0,218.1029815673828,347.2303466796875,1.0
50.0,218.1029815673828,347.2303466796875,1.0
60.0,218.1029815673828,347.2303466796875,1.0
70.0,218.1029815673828,347.2303466796875,1.0
80.0,218.1029815673828,347.2303466796875,1.0
90.0,218.1029815673828,347.2303466796875,1.0
100.0,218.1029815673828,347.2303466796875,1.0
110.0,218.1029815673828,347.2303466796875,1.0
120.0,218.27642822265625,347.2303466796875,1.0
130.0,218.44985961914062,347.2303466796875,1.0
140.0,219.31707763671875,347.31707763671875,1.0
150.0,220.53115844726562,348.0975646972656,1.0
160.0,222.09214782714844,349.1382141113281,1.0
170.0,223.47967529296875,350.5257568359375,1.0
180.0,224.86720275878906,351.8265686035156,1.0
190.0,226.4281768798828,353.3008117675781,1.0
200.0,227.98916625976562,355.20867919921875,1.0
210.0,229.98373413085938,357.4634094238281,1.0
220.0,231.9783172607422,360.1517639160156,1.0
230.0,234.14634704589844,363.0135498046875,1.0
240.0,236.22764587402344,366.3089294433594,1.0
250.0,238.39566040039062,369.77777099609375,1.0
260.0,240.56369018554688,373.07318115234375,1.0
270.0,242.47154235839844,376.5419921875,1.0
280.0,244.46612548828125,379.92413330078125,1.0
290.0,245.85365295410156,382.7859191894531,1.0
300.0,247.0677490234375,385.12738037109375,1.0
310.0,247.7615203857422,386.6883544921875,1.0
320.0,247.7615203857422,387.3821105957031,1.0
330.0,247.7615203857422,387.3821105957031,1.0
340.0,247.7615203857422,387.3821105957031,1.0
350.0,247.67478942871094,387.20867919921875,1.0
360.0,247.58807373046875,387.03521728515625,1.0
370.0,247.4146270751953,386.3414611816406,1.0
380.0,246.28726196289062,385.2140808105469,1.0
390.0,245.42005920410156,383.1327819824219,1.0
400.0,244.0325164794922,380.0108337402344,1.0
410.0,243.07859802246094,376.8021545410156,1.0
420.0,241.9512176513672,373.2466125488281,1.0
430.0,240.99728393554688,369.6043395996094,1.0
440.0,240.1300811767578,365.8753356933594,1.0
450.0,239.26287841796875,362.1463317871094,1.0
460.0,239.0894317626953,358.6775207519531,1.0
470.0,239.00271606445312,355.5555419921875,1.0
480.0,239.00271606445312,352.43359375,1.0
490.0,239.8699188232422,349.7452697753906,1.0
500.0,240.56369018554688,347.6639709472656,1.0
510.0,241.77777099609375,345.9295349121094,1.0
520.0,243.07859802246094,344.4552917480469,1.0
530.0,244.9864501953125,343.58807373046875,1.0
540.0,246.89430236816406,343.3279113769531,1.0
550.0,249.1490478515625,343.15447998046875,1.0
560.0,251.75067138671875,343.5013427734375,1.0
570.0,254.8726348876953,345.5826416015625,1.0
580.0,258.16802978515625,348.0108337402344,1.0
590.0,261.6368713378906,351.6531066894531,1.0
600.0,265.539306640625,355.72900390625,1.0
610.0,269.701904296875,360.3251953125,1.0
620.0,273.77777099609375,364.8346862792969,1.0
630.0,277.6802062988281,369.5176086425781,1.0
640.0,281.4959411621094,373.7669372558594,1.0
650.0,284.8780517578125,377.4959411621094,1.0
660.0,287.6531066894531,380.79132080078125,1.0
670.0,289.56097412109375,383.3929443359375,1.0
680.0,290.8617858886719,384.6937561035156,1.0
690.0,290.8617858886719,384.8672180175781,1.0
700.0,290.7750549316406,384.6070556640625,1.0
710.0,290.4281921386719,383.91326904296875,1.0
720.0,289.647705078125,383.91326904296875,1.0
730.0,288.8672180175781,382.352294921875,1.0
740.0,287.6531066894531,380.27099609375,1.0
750.0,286.43902587890625,377.756103515625,1.0
760.0,285.2249450683594,375.7615051269531,1.0
770.0,284.1842956542969,373.07318115234375,1.0
780.0,283.31707763671875,370.0379333496094,1.0
790.0,282.623291015625,367.08941650390625,1.0
800.0,282.4498596191406,364.4010925292969,1.0
810.0,282.3631286621094,361.45257568359375,1.0
820.0,282.3631286621094,358.76422119140625,1.0
830.0,283.31707763671875,356.4227600097656,1.0
840.0,284.7046203613281,354.2547302246094,1.0
850.0,286.43902587890625,352.6070556640625,1.0
860.0,288.6070556640625,351.2195129394531,1.0
870.0,291.20867919921875,350.2655944824219,1.0
880.0,294.33062744140625,350.0921325683594,1.0
890.0,297.6260070800781,350.2655944824219,1.0
900.0,301.9620666503906,351.8265686035156,1.0
910.0,306.0379333496094,353.99456787109375,1.0
920.0,310.54742431640625,357.11651611328125,1.0
930.0,315.40380859375,361.1056823730469,1.0
940.0,320.52032470703125,365.7886047363281,1.0
950.0,325.4634094238281,370.4715576171875,1.0
960.0,330.7533874511719,374.98101806640625,1.0
970.0,335.6097412109375,379.1436462402344,1.0
980.0,340.37939453125,382.7859191894531,1.0
990.0,344.3685607910156,385.56097412109375,1.0
1000.0,348.0108337402344,387.64227294921875,1.0
1010.0,351.04608154296875,388.8563537597656,1.0
1020.0,353.12738037109375,388.9430847167969,1.0
1030.0,354.3414611816406,388.7696533203125,1.0
1040.0,355.3821105957031,386.9485168457031,1.0
1050.0,355.5555419921875,385.3008117675781,1.0
1060.0,356.5094909667969,382.352294921875,1.0
1070.0,356.5094909667969,379.0569152832031,1.0
1080.0,356.3360290527344,375.2411804199219,1.0
1090.0,355.64227294921875,371.0785827636719,1.0
1100.0,355.5555419921875,367.1761474609375,1.0
1110.0,355.2953796386719,363.4471435546875,1.0
1120.0,355.1219482421875,360.0650329589844,1.0
1130.0,355.03521728515625,356.68292236328125,1.0
1140.0,355.03521728515625,353.9078674316406,1.0
1150.0,355.20867919921875,351.8265686035156,1.0
1160.0,355.3821105957031,350.2655944824219,1.0
1170.0,356.16259765625,349.3116455078125,1.0
1180.0,356.4227600097656,349.1382141113281,1.0
1190.0,357.28997802734375,348.8780517578125,1.0
1200.0,358.243896484375,348.8780517578125,1.0
1210.0,359.1978454589844,349.2249450683594,1.0
1220.0,361.01898193359375,351.3062438964844,1.0
1230.0,363.1869812011719,353.99456787109375,1.0
1240.0,365.4417419433594,357.28997802734375,1.0
1250.0,367.9566345214844,360.84552001953125,1.0
1260.0,370.1246643066406,364.6612548828125,1.0
1270.0,372.7262878417969,368.0433654785156,1.0
1280.0,375.15447998046875,371.1653137207031,1.0
1290.0,377.8428039550781,374.2005310058594,1.0
1300.0,380.27099609375,376.4552917480469,1.0
1310.0,382.43902587890625,378.0162658691406,1.0
1320.0,384.1734313964844,379.0569152832031,1.0
1330.0,385.4742431640625,379.1436462402344,1.0
1340.0,386.60162353515625,379.1436462402344,1.0
1350.0,387.4688415527344,377.4959411621094,1.0
1360.0,387.64227294921875,375.7615051269531,1.0
1370.0,387.8157043457031,373.07318115234375,1.0
1380.0,387.8157043457031,369.95123291015625,1.0
1390.0,387.8157043457031,366.3956604003906,1.0
1400.0,387.5555419921875,362.6666564941406,1.0
1410.0,387.2953796386719,359.0243835449219,1.0
1420.0,386.514892578125,355.9024353027344,1.0
1430.0,386.514892578125,353.12738037109375,1.0
1440.0,386.6883544921875,350.7859191894531,1.0
1450.0,386.9485168457031,348.7046203613281,1.0
1460.0,387.20867919921875,347.4905090332031,1.0
1470.0,388.07586669921875,346.4498596191406,1.0
1480.0,388.3360290527344,346.189697265625,1.0
1490.0,389.2032470703125,346.0162658691406,1.0
1500.0,389.89703369140625,346.0162658691406,1.0
1510.0,390.1571960449219,346.10296630859375,1.0
1520.0,391.4580078125,347.40380859375,1.0
1530.0,393.01898193359375,349.3116455078125,1.0
1540.0,394.406494140625,351.91326904296875,1.0
1550.0,395.8807678222656,355.03521728515625,1.0
1560.0,397.7886047363281,357.89703369140625,1.0
1570.0,399.26287841796875,360.7588195800781,1.0
1580.0,401.0840148925781,363.2737121582031,1.0
1590.0,402.4715576171875,365.5284423828125,1.0
1600.0,404.1192321777344,367.26287841796875,1.0
1610.0,405.8536682128906,368.9972839355469,1.0
1620.0,407.4146423339844,370.4715576171875,1.0
1630.0,408.7154541015625,371.5989074707031,1.0
1640.0,410.10296630859375,371.85906982421875,1.0
1650.0,410.88348388671875,371.94580078125,1.0
1660.0,411.92413330078125,371.94580078125,1.0
1670.0,412.6178894042969,371.1653137207031,1.0
1680.0,413.485107421875,370.9051513671875,1.0
1690.0,414.6991882324219,369.430908203125,1.0
1700.0,415.3929443359375,367.783203125,1.0
1710.0,416.08673095703125,366.135498046875,1.0
1720.0,416.08673095703125,363.7940368652344,1.0
1730.0,416.8672180175781,361.3658447265625,1.0
1740.0,417.0406494140625,358.8509521484375,1.0
1750.0,417.99456787109375,356.5094909667969,1.0
1760.0,418.2547302246094,353.99456787109375,1.0
1770.0,419.72900390625,351.8265686035156,1.0
1780.0,420.9430847167969,349.6585388183594,1.0
1790.0,422.33062744140625,347.83740234375,1.0
1800.0,423.97833251953125,346.3631286621094,1.0
1810.0,425.7994689941406,345.1490478515625,1.0
1820.0,428.2276306152344,344.2818298339844,1.0
1830.0,430.4823913574219,344.2818298339844,1.0
1840.0,433.5176086425781,344.2818298339844,1.0
1850.0,437.2466125488281,344.62872314453125,1.0
1860.0,441.4959411621094,346.623291015625,1.0
1870.0,446.6124572753906,348.96478271484375,1.0
1880.0,451.64227294921875,352.6070556640625,1.0
1890.0,457.2791442871094,356.7696533203125,1.0
1900.0,462.9159851074219,361.7994689941406,1.0
1910.0,468.2926940917969,367.4363098144531,1.0
1920.0,473.5826416015625,373.8536682128906,1.0
1930.0,478.352294921875,380.4444580078125,1.0
1940.0,482.4281921386719,387.1219482421875,1.0
1950.0,485.810302734375,393.6260070800781,1.0
1960.0,489.1056823730469,400.30352783203125,1.0
1970.0,491.7940368652344,406.460693359375,1.0
1980.0,493.4417419433594,412.1842956542969,1.0
1990.0,495.08941650390625,418.081298828125,1.0
2000.0,496.3902587890625,423.5447082519531,1.0
2010.0,497.77777099609375,429.18157958984375,1.0
2020.0,499.0785827636719,434.5582580566406,1.0
2030.0,500.1192321777344,439.9349670410156,1.0
2040.0,501.07318115234375,444.8780517578125,1.0
2050.0,501.3333435058594,448.6937561035156,1.0
2060.0,501.50677490234375,451.5555419921875,1.0
2070.0,501.50677490234375,452.9430847167969,1.0
2080.0,501.50677490234375,453.6368713378906,1.0
2090.0,501.50677490234375,453.4634094238281,1.0
2100.0,501.50677490234375,453.28997802734375,1.0
2110.0,501.1598815917969,452.4227600097656,1.0
2120.0,500.2926940917969,450.514892578125,1.0
2130.0,499.5989074707031,447.04608154296875,1.0
2140.0,499.3387451171875,443.2303466796875,1.0
2150.0,499.1653137207031,439.2411804199219,1.0
2160.0,498.9051513671875,434.7317199707031,1.0
2170.0,498.6449890136719,430.135498046875,1.0
2180.0,498.4715576171875,425.2791442871094,1.0
2190.0,498.2113952636719,420.16259765625,1.0
2200.0,497.95123291015625,414.87261962890625,1.0
2210.0,497.1707458496094,409.23577880859375,1.0
2220.0,496.1300964355469,403.1653137207031,1.0
2230.0,495.8699035644531,396.7479553222656,1.0
2240.0,494.4823913574219,390.1571960449219,1.0
2250.0,493.7886047363281,384.0,1.0
2260.0,493.5284423828125,378.4498596191406,1.0
2270.0,493.2682800292969,373.1598815917969,1.0
2280.0,493.0948486328125,368.8238525390625,1.0
2290.0,493.00811767578125,365.5284423828125,1.0
2300.0,493.00811767578125,362.7533874511719,1.0
2310.0,493.00811767578125,361.1056823730469,1.0
2320.0,493.00811767578125,360.41192626953125,1.0
2330.0,493.00811767578125,360.41192626953125,1.0
2340.0,493.18157958984375,360.41192626953125,1.0
2350.0,493.18157958984375,360.4986572265625,1.0
2360.0,494.04876708984375,361.539306640625,1.0
2370.0,495.1761474609375,363.62060546875,1.0
2380.0,496.4769592285156,366.569091796875,1.0
2390.0,497.95123291015625,369.6910705566406,1.0
2400.0,499.5989074707031,372.89971923828125,1.0
2410.0,501.7669372558594,376.1083984375,1.0
2420.0,504.19512939453125,379.1436462402344,1.0
2430.0,507.1436462402344,381.83197021484375,1.0
2440.0,510.352294921875,384.2601623535156,1.0
2450.0,513.8211669921875,386.16802978515625,1.0
2460.0,517.02978515625,387.64227294921875,1.0
2470.0,520.1517333984375,388.4227600097656,1.0
2480.0,523.2737426757812,388.4227600097656,1.0
2490.0,526.3089599609375,387.72900390625,1.0
2500.0,529.1707153320312,386.081298828125,1.0
2510.0,531.07861328125,383.91326904296875,1.0
2520.0,532.7262573242188,381.0514831542969,1.0
2530.0,533.6802368164062,377.3224792480469,1.0
2540.0,533.6802368164062,373.2466125488281,1.0
2550.0,533.4200439453125,369.34417724609375,1.0
2560.0,531.94580078125,365.4417419433594,1.0
2570.0,530.731689453125,361.539306640625,1.0
2580.0,528.8238525390625,357.9837341308594,1.0
2590.0,526.3089599609375,354.8617858886719,1.0
2600.0,524.4010620117188,352.2601623535156,1.0
2610.0,522.4932250976562,350.2655944824219,1.0
2620.0,521.105712890625,348.79132080078125,1.0
2630.0,520.0650634765625,348.0108337402344,1.0
2640.0,519.8916015625,347.83740234375,1.0
2650.0,519.6314086914062,347.83740234375,1.0
2660.0,519.3712768554688,347.83740234375,1.0
2670.0,519.2845458984375,347.83740234375,1.0
2680.0,519.2845458984375,347.83740234375,1.0
2690.0,519.2845458984375,347.83740234375,1.0
2700.0,519.4580078125,347.83740234375,1.0
2710.0,519.4580078125,347.83740234375,1.0
2720.0,519.6314086914062,347.92413330078125,1.0
2730.0,520.3251953125,348.0108337402344,1.0
2740.0,521.7994384765625,348.1842956542969,1.0
2750.0,523.8807373046875,349.1382141113281,1.0
2760.0,526.7425537109375,350.6124572753906,1.0
2770.0,530.731689453125,352.6937561035156,1.0
2780.0,535.3279418945312,354.9485168457031,1.0
2790.0,540.27099609375,357.89703369140625,1.0
2800.0,545.5609741210938,361.2791442871094,1.0
2810.0,551.1978149414062,365.0948486328125,1.0
2820.0,557.1815795898438,368.6504211425781,1.0
2830.0,562.6449584960938,372.46612548828125,1.0
2840.0,567.5880737304688,375.8482360839844,1.0
2850.0,571.7506713867188,379.0569152832031,1.0
2860.0,575.1328125,381.5718078613281,1.0
2870.0,577.8211669921875,383.91326904296875,1.0
2880.0,579.1219482421875,385.12738037109375,1.0
2890.0,579.1219482421875,385.2140808105469,1.0
2900.0,579.0352172851562,385.0406494140625,1.0
2910.0,578.7750854492188,384.3468933105469,1.0
2920.0,577.647705078125,384.08673095703125,1.0
2930.0,576.5203247070312,382.1788635253906,1.0
2940.0,574.785888671875,380.0975646972656,1.0
2950.0,573.7452392578125,377.66937255859375,1.0
2960.0,572.7913208007812,375.4146423339844,1.0
2970.0,572.0975341796875,372.6395568847656,1.0
2980.0,572.0108642578125,370.0379333496094,1.0
2990.0,571.2303466796875,367.08941650390625,1.0
3000.0,571.1436157226562,364.48779296875,1.0
3010.0,571.1436157226562,361.6260070800781,1.0
3020.0,571.3170776367188,359.1111145019531,1.0
3030.0,572.1842651367188,356.7696533203125,1.0
3040.0,572.4444580078125,354.60162353515625,1.0
3050.0,573.3983764648438,352.8672180175781,1.0
3060.0,574.6124877929688,351.2195129394531,1.0
3070.0,576.2601928710938,349.918701171875,1.0
3080.0,577.9945678710938,349.0514831542969,1.0
3090.0,580.0758666992188,348.8780517578125,1.0
3100.0,582.9376831054688,348.8780517578125,1.0
3110.0,585.972900390625,350.00543212890625,1.0
3120.0,589.5284423828125,351.8265686035156,1.0
3130.0,593.3441772460938,353.99456787109375,1.0
3140.0,597.24658203125,356.7696533203125,1.0
3150.0,600.888916015625,359.97833251953125,1.0
3160.0,604.6178588867188,362.92681884765625,1.0
3170.0,608.0,366.3956604003906,1.0
3180.0,611.29541015625,369.5176086425781,1.0
3190.0,613.9837646484375,372.5528564453125,1.0
3200.0,615.6314086914062,375.2411804199219,1.0
3210.0,615.8048706054688,376.8888854980469,1.0
3220.0,615.8048706054688,377.66937255859375,1.0
3230.0,614.8509521484375,378.3631286621094,1.0
3240.0,613.376708984375,378.4498596191406,1.0
3250.0,611.8157348632812,378.4498596191406,1.0
3260.0,610.1680297851562,377.4959411621094,1.0
3270.0,608.1734619140625,376.62872314453125,1.0
3280.0,606.6991577148438,375.3279113769531,1.0
3290.0,605.13818359375,373.6802062988281,1.0
3300.0,604.0975341796875,371.94580078125,1.0
3310.0,603.7506713867188,370.1246643066406,1.0
3320.0,602.97021484375,368.0433654785156,1.0
3330.0,602.8834838867188,366.04876708984375,1.0
3340.0,602.8834838867188,363.53387451171875,1.0
3350.0,602.8834838867188,361.1924133300781,1.0
3360.0,603.5772094726562,358.93768310546875,1.0
3370.0,604.3577270507812,356.7696533203125,1.0
3380.0,605.5718383789062,354.7750549316406,1.0
3390.0,607.4796752929688,353.3875427246094,1.0
3400.0,609.647705078125,351.91326904296875,1.0
3410.0,612.0758666992188,351.6531066894531,1.0
3420.0,615.1978149414062,350.9593505859375,1.0
3430.0,618.406494140625,351.04608154296875,1.0
3440.0,622.0487670898438,352.1734313964844,1.0
3450.0,626.0379638671875,353.99456787109375,1.0
3460.0,630.027099609375,356.7696533203125,1.0
3470.0,634.1029663085938,360.5853576660156,1.0
3480.0,638.6991577148438,365.00811767578125,1.0
3490.0,643.4688110351562,370.38482666015625,1.0
3500.0,648.2384643554688,376.4552917480469,1.0
3510.0,653.3550415039062,383.47967529296875,1.0
3520.0,658.298095703125,390.93768310546875,1.0
3530.0,663.5880737304688,398.569091796875,1.0
3540.0,668.7913208007812,406.6341552734375,1.0
3550.0,673.8211669921875,414.1788635253906,1.0
3560.0,678.8509521484375,421.5501403808594,1.0
3570.0,682.6666870117188,428.6612548828125,1.0
3580.0,685.6151733398438,435.2520446777344,1.0
3590.0,687.8699340820312,441.5826416015625,1.0
3600.0,689.2574462890625,446.6991882324219,1.0
3610.0,689.430908203125,451.1219482421875,1.0
3620.0,689.3441772460938,454.33062744140625,1.0
3630.0,688.4769897460938,456.41192626953125,1.0
3640.0,687.5230102539062,458.2330627441406,1.0
3650.0,686.2222290039062,458.92681884765625,1.0
3660.0,685.3550415039062,459.1869812011719,1.0
3670.0,684.3143920898438,459.1869812011719,1.0
3680.0,683.0135498046875,458.1463317871094,1.0
3690.0,681.1923828125,456.1517639160156,1.0
3700.0,679.7181396484375,452.68292236328125,1.0
3710.0,677.2032470703125,448.43359375,1.0
3720.0,675.2086791992188,443.6639709472656,1.0
3730.0,672.6937866210938,438.3739929199219,1.0
3740.0,670.0054321289062,432.216796875,1.0
3750.0,667.056884765625,425.45257568359375,1.0
3760.0,664.2818603515625,418.60162353515625,1.0
3770.0,661.5067749023438,411.1436462402344,1.0
3780.0,658.9918823242188,403.1653137207031,1.0
3790.0,656.216796875,394.2330627441406,1.0
3800.0,654.2222290039062,385.56097412109375,1.0
3810.0,652.6612548828125,376.9756164550781,1.0
3820.0,651.5338745117188,368.91058349609375,1.0
3830.0,651.4471435546875,361.7994689941406,1.0
3840.0,651.62060546875,355.9024353027344,1.0
3850.0,653.1815795898438,350.87261962890625,1.0
3860.0,655.0894165039062,346.7967529296875,1.0
3870.0,657.6043090820312,343.5013427734375,1.0
3880.0,660.37939453125,341.50677490234375,1.0
3890.0,664.0216674804688,340.2059631347656,1.0
3900.0,668.3577270507812,340.2059631347656,1.0
3910.0,672.9539184570312,341.07318115234375,1.0
3920.0,678.5040893554688,343.0677490234375,1.0
3930.0,683.7940673828125,346.0162658691406,1.0
3940.0,689.2574462890625,349.6585388183594,1.0
3950.0,695.3279418945312,354.081298828125,1.0
3960.0,701.3983764648438,359.2845458984375,1.0
3970.0,707.5555419921875,365.18157958984375,1.0
3980.0,713.6260375976562,371.5989074707031,1.0
3990.0,719.0894165039062,378.5365905761719,1.0
4000.0,724.4661254882812,385.7344055175781,1.0
4010.0,729.4959106445312,393.1056823730469,1.0
4020.0,734.0054321289062,400.8238525390625,1.0
4030.0,737.647705078125,407.58807373046875,1.0
4040.0,740.6829223632812,414.0921325683594,1.0
4050.0,743.3712768554688,419.9024353027344,1.0
4060.0,745.105712890625,425.7994689941406,1.0
4070.0,746.2330322265625,431.3495788574219,1.0
4080.0,747.0135498046875,436.5528564453125,1.0
4090.0,747.0135498046875,440.8888854980469,1.0
4100.0,745.972900390625,444.4444580078125,1.0
4110.0,745.1923828125,447.2195129394531,1.0
4120.0,743.5447387695312,449.0406494140625,1.0
4130.0,741.7235717773438,450.514892578125,1.0
4140.0,739.8157348632812,450.6883544921875,1.0
4150.0,737.4742431640625,450.6883544921875,1.0
4160.0,735.219482421875,449.12738037109375,1.0
4170.0,733.13818359375,447.2195129394531,1.0
4180.0,731.4905395507812,444.7046203613281,1.0
4190.0,729.4092407226562,441.5826416015625,1.0
4200.0,727.3279418945312,437.593505859375,1.0
4210.0,725.3333129882812,433.0840148925781,1.0
4220.0,723.07861328125,427.8807678222656,1.0
4230.0,720.3035278320312,422.243896484375,1.0
4240.0,717.7886352539062,416.0,1.0
4250.0,715.18701171875,409.5826416015625,1.0
4260.0,712.3251953125,402.298095703125,1.0
4270.0,710.3306274414062,394.49322509765625,1.0
4280.0,708.16259765625,386.8617858886719,1.0
4290.0,706.948486328125,379.40380859375,1.0
4300.0,706.2547607421875,372.2926940917969,1.0
4310.0,706.2547607421875,365.9620666503906,1.0
4320.0,706.948486328125,360.2384948730469,1.0
4330.0,708.16259765625,355.20867919921875,1.0
4340.0,710.1571655273438,351.3062438964844,1.0
4350.0,713.0189819335938,347.83740234375,1.0
4360.0,716.1409301757812,345.5826416015625,1.0
4370.0,720.216796875,343.9349670410156,1.0
4380.0,724.37939453125,343.15447998046875,1.0
4390.0,729.322509765625,343.15447998046875,1.0
4400.0,734.4390258789062,343.8482360839844,1.0
4410.0,739.3821411132812,345.5826416015625,1.0
4420.0,744.4119262695312,347.83740234375,1.0
4430.0,749.5284423828125,350.7859191894531,1.0
4440.0,754.298095703125,353.56097412109375,1.0
4450.0,758.460693359375,356.68292236328125,1.0
4460.0,762.3631591796875,359.97833251953125,1.0
4470.0,765.5718383789062,363.10028076171875,1.0
4480.0,768.1734619140625,366.4823913574219,1.0
4490.0,770.081298828125,369.6043395996094,1.0
4500.0,771.0352172851562,372.46612548828125,1.0
4510.0,771.29541015625,374.8943176269531,1.0
4520.0,771.29541015625,376.8888854980469,1.0
4530.0,771.2086791992188,378.4498596191406,1.0
4540.0,770.948486328125,379.6639709472656,1.0
4550.0,769.8211669921875,380.5311584472656,1.0
4560.0,768.8671875,380.79132080078125,1.0
4570.0,767.56640625,380.96478271484375,1.0
4580.0,766.352294921875,380.96478271484375,1.0
4590.0,765.051513671875,380.96478271484375,1.0
4600.0,763.7506713867188,379.5772399902344,1.0
4610.0,762.2764282226562,377.8428039550781,1.0
4620.0,760.6287231445312,375.7615051269531,1.0
4630.0,758.7208862304688,373.1598815917969,1.0
4640.0,757.0731811523438,370.2113952636719,1.0
4650.0,755.4254760742188,366.9159851074219,1.0
4660.0,754.1246337890625,363.7073059082031,1.0
4670.0,753.083984375,360.5853576660156,1.0
4680.0,752.216796875,357.5501403808594,1.0
4690.0,751.9566650390625,354.6883544921875,1.0
4700.0,751.6964721679688,352.08673095703125,1.0
4710.0,751.6964721679688,349.83197021484375,1.0
4720.0,751.9566650390625,348.0108337402344,1.0
4730.0,753.430908203125,346.88348388671875,1.0
4740.0,754.2113647460938,345.9295349121094,1.0
4750.0,756.1192626953125,345.756103515625,1.0
4760.0,757.7669677734375,345.756103515625,1.0
4770.0,760.0216674804688,346.0162658691406,1.0
4780.0,762.4498901367188,347.6639709472656,1.0
4790.0,765.051513671875,349.5718078613281,1.0
4800.0,767.3929443359375,352.08673095703125,1.0
4810.0,769.9945678710938,354.60162353515625,1.0
4820.0,771.8157348632812,357.28997802734375,1.0
4830.0,773.8970336914062,359.97833251953125,1.0
4840.0,775.8916015625,362.05963134765625,1.0
4850.0,777.3658447265625,364.14093017578125,1.0
4860.0,778.3197631835938,365.61517333984375,1.0
4870.0,778.3197631835938,366.3089294433594,1.0
4880.0,778.3197631835938,366.3089294433594,1.0
4890.0,778.3197631835938,366.3089294433594,1.0
4900.0,778.3197631835938,366.135498046875,1.0
4910.0,778.1463623046875,365.8753356933594,1.0
4920.0,777.3658447265625,364.7479553222656,1.0
4930.0,776.2384643554688,362.92681884765625,1.0
4940.0,775.3712768554688,360.9322509765625,1.0
4950.0,774.5040893554688,358.8509521484375,1.0
4960.0,773.7235717773438,356.5094909667969,1.0
4970.0,773.5501098632812,353.9078674316406,1.0
4980.0,773.5501098632812,351.47967529296875,1.0
4990.0,773.5501098632812,348.96478271484375,1.0
5000.0,775.111083984375,346.9701843261719,1.0
5010.0,776.7587890625,345.1490478515625,1.0
5020.0,779.18701171875,343.6748046875,1.0
5030.0,782.4823608398438,342.3739929199219,1.0
5040.0,787.2520141601562,342.11383056640625,1.0
5050.0,792.6287231445312,341.4200439453125,1.0
5060.0,798.6124877929688,341.4200439453125,1.0
5070.0,804.7696533203125,341.6802062988281,1.0
5080.0,811.5338745117188,342.460693359375,1.0
5090.0,817.7777709960938,342.7208557128906,1.0
5100.0,823.6748046875,343.4146423339844,1.0
5110.0,829.051513671875,343.4146423339844,1.0
